0.0 1.1824256
0.0 1.3392437 3.0
0.0 1.4073334 3.294215
0.0 1.4402864 3.3635476 5.0
0.0 1.4584295 3.4039848 5.351806
0.0 1.4694259 3.4290533 5.389604 7.0
0.0 1.4765798 3.4455295 5.414899 7.384912
0.0 1.4814899 3.4568975 5.432513 7.4084516 9.0
0.0 1.4850045 3.4650571 5.445221 7.425558 9.406128
0.0 1.4876059 3.4711065 5.4546704 7.438332 9.422126 11.0
0.0 1.4895848 3.4757137 5.4618793 7.448104 9.434407 11.420811
0.0 1.4911252 3.479302 5.4675016 7.455737 9.444022 11.43237 13.0
0.0 1.4923476 3.4821506 5.471968 7.46181 9.451682 11.441593 13.431555
0.0 1.4933337 3.4844494 5.475575 7.4667163 9.457878 11.449067 13.440286 15.0
0.0 1.4941409 3.4863315 5.4785285 7.4707365 9.462958 11.455199 13.44746 15.439748
0.0 1.4948099 3.4878914 5.480978 7.4740715 9.467175 11.460291 13.4534235 15.446572 17.0
0.0 1.4953705 3.4891996 5.483031 7.4768686 9.470713 11.464565 13.45843 15.452307 17.446198
0.0 1.4958448 3.490306 5.4847693 7.479236 9.473709 11.468187 13.462673 15.457169 17.451675 19.0
0.0 1.49625 3.491251 5.4862533 7.4812593 9.476269 11.471281 13.466301 15.461327 17.45636 19.451403
0.0 1.4965987 3.4920642 5.487531 7.4829993 9.478471 11.473947 13.469425 15.46491 17.4604 19.455898 21.0
0.0 1.4969008 3.492769 5.4886384 7.484509 9.480382 11.476257 13.4721365 15.4680195 17.463905 19.459797 21.455694
0.0 1.4971645 3.4933841 5.4896045 7.485826 9.482049 11.478274 13.474502 15.470732 17.466969 19.463203 21.459446 23.0
0.0 1.4973959 3.493924 5.4904523 7.4869823 9.483514 11.480045 13.476581 15.473115 17.469654 19.466198 21.462746 23.459293
0.0 1.4976001 3.4944 5.491201 7.488002 9.484805 11.481609 13.478414 15.47522 17.47203 19.46884 21.465652 23.462467 25.0
0.0 1.4977812 3.4948225 5.4918647 7.4889073 9.485951 11.482994 13.480041 15.477087 17.474136 19.471184 21.468239 23.465294 25.46235
0.0 1.4979424 3.495199 5.492456 7.489713 9.486971 11.48423 13.481489 15.47875 17.476013 19.473276 21.470543 23.467808 25.465078 27.0
0.0 1.4980868 3.4955356 5.492985 7.4904346 9.4878845 11.485336 13.482788 15.48024 17.477694 19.47515 21.472605 23.470062 25.467518 27.46498
0.0 1.4982164 3.4958384 5.49346 7.4910827 9.488706 11.486329 13.483953 15.481579 17.479202 19.47683 21.474459 23.472086 25.469715 27.467344 29.0
0.0 1.4983333 3.4961112 5.49389 7.4916677 9.489446 11.487226 13.485005 15.482783 17.480564 19.478348 21.476128 23.473911 25.471697 27.469484 29.46727
0.0 1.4984392 3.496358 5.494277 7.4921966 9.490115 11.488036 13.485956 15.483876 17.481798 19.47972 21.477642 23.475565 25.47349 27.471415 29.469341 31.0
0.0 1.4985352 3.4965818 5.4946284 7.4926763 9.490725 11.488771 13.486819 15.484866 17.482916 19.480967 21.479015 23.477066 25.475119 27.47317 29.471222 31.469276
0.0 1.4986227 3.496786 5.49495 7.493113 9.491278 11.489441 13.487606 15.485769 17.483936 19.482101 21.480268 23.478434 25.4766 27.474768 29.472937 31.471106 33.0
0.0 1.4987025 3.4969726 5.4952426 7.4935126 9.491783 11.490053 13.488323 15.486595 17.484865 19.483137 21.481411 23.479681 25.477957 27.47623 29.4745 31.472782 33.471054
0.0 1.4987755 3.4971426 5.49551 7.493878 9.492246 11.490613 13.488981 15.48735 17.485718 19.484087 21.482458 23.480825 25.479193 27.477566 29.475937 31.474308 33.47268 35.0
0.0 1.4988426 3.4972994 5.4957566 7.4942126 9.492671 11.491128 13.489584 15.488043 17.4865 19.48496 21.483418 23.481876 25.480335 27.478796 29.477253 31.475712 33.47417 35.472637
0.0 1.4989043 3.4974434 5.4959826 7.494521 9.493061 11.4916 13.49014 15.48868 17.487219 19.485762 21.484299 23.48284 25.481382 27.479923 29.478466 31.477007 33.475548 35.47409 37.0
0.0 1.4989612 3.4975762 5.4961915 7.494806 9.493421 11.492036 13.490652 15.489268 17.487885 19.4865 21.485117 23.483732 25.48235 27.480965 29.47958 31.478197 33.47682 35.475437 37.474052
0.0 1.4990137 3.4976988 5.4963837 7.495069 9.493754 11.49244 13.491125 15.48981 17.488497 19.48718 21.48587 23.484554 25.483238 27.481926 29.480616 31.4793 33.477985 35.47668 37.475365 39.0
0.0 1.4990627 3.4978123 5.4965625 7.4953127 9.494062 11.492812 13.491563 15.4903145 17.489065 19.487814 21.486567 23.485317 25.484068 27.48282 29.481573 31.480322 33.479076 35.47783 37.476578 39.47533
0.0 1.4991076 3.4979181 5.4967284 7.495538 9.494349 11.493159 13.49197 15.49078 17.489592 19.488401 21.487215 23.486023 25.484835 27.483648 29.482456 31.48127 33.480083 35.47889 37.47771 39.47652 41.0
0.0 1.4991496 3.4980156 5.4968824 7.4957485 9.494615 11.493481 13.492348 15.491215 17.49008 19.488947 21.487814 23.486681 25.48555 27.484415 29.483284 31.48215 33.481018 35.479885 37.478752 39.477627 41.47649
0.0 1.4991887 3.498107 5.4970255 7.4959435 9.494863 11.493782 13.4927 15.491617 17.490536 19.489456 21.488375 23.487293 25.486212 27.485134 29.48405 31.482971 33.48189 35.48081 37.47973 39.478653 41.477573 43.0
0.0 1.4992251 3.4981923 5.4971595 7.496126 9.495093 11.49406 13.493028 15.491994 17.490961 19.489927 21.488895 23.487865 25.486832 27.485798 29.484766 31.483736 33.4827 35.48167 37.48064 39.479607 41.47858 43.477547
0.0 1.4992592 3.4982717 5.4972835 7.496296 9.495309 11.494322 13.493334 15.492347 17.49136 19.490372 21.489386 23.488398 25.48741 27.486423 29.485437 31.48445 33.483463 35.48248 37.48149 39.48051 41.479515 43.478535 45.0
0.0 1.4992911 3.4983459 5.4974008 7.496455 9.49551 11.494565 13.49362 15.492677 17.491732 19.490786 21.489841 23.488895 25.487951 27.487007 29.486065 31.485119 33.484177 35.48323 37.48229 39.48134 41.480396 43.479454 45.478508
0.0 1.4993209 3.4984155 5.49751 7.4966054 9.495699 11.494795 13.493889 15.492984 17.492079 19.491175 21.490267 23.489365 25.488457 27.487553 29.486649 31.485744 33.48484 35.483936 37.48303 39.48213 41.481224 43.48032 45.479412 47.0
0.0 1.499349 3.4984808 5.497613 7.496745 9.495877 11.495009 13.494141 15.493274 17.492405 19.491535 21.490671 23.489801 25.488935 27.488066 29.487198 31.486332 33.485462 35.4846 37.48373 39.48286 41.481995 43.481125 45.48026 47.479397
0.0 1.4993751 3.4985425 5.4977093 7.4968762 9.496042 11.495211 13.494378 15.493545 17.492712 19.491879 21.491047 23.49021 25.489384 27.488548 29.487717 31.486883 33.486053 35.485218 37.484386 39.48356 41.482723 43.48189 45.48106 47.48023 49.0
0.0 1.4993999 3.4986002 5.4978004 7.4969997 9.496201 11.495399 13.4946 15.4938 17.493 19.4922 21.491402 23.490602 25.4898 27.489004 29.488201 31.487402 33.486603 35.4858 37.485004 39.484207 41.48341 43.482605 45.481804 47.481014 49.480213
0.0 1.4994233 3.4986544 5.497885 7.4971166 9.496347 11.495579 13.494809 15.4940405 17.493273 19.492502 21.491734 23.490965 25.490196 27.489426 29.488663 31.487892 33.48712 35.486355 37.485584 39.484818 41.48405 43.48328 45.482513 47.481747 49.480976 51.0
0.0 1.4994453 3.4987056 5.4979663 7.4972267 9.496487 11.495748 13.4950075 15.494267 17.493528 19.492788 21.492048 23.49131 25.490572 27.489832 29.489094 31.488354 33.487614 35.486877 37.486137 39.485394 41.484657 43.483913 45.483177 47.48244 49.481705 51.480965
0.0 1.499466 3.4987538 5.498042 7.4973307 9.496617 11.495906 13.4951935 15.494482 17.49377 19.49306 21.492346 23.491638 25.490921 27.490211 29.489498 31.488789 33.488075 35.487366 37.486652 39.48594 41.485233 43.48452 45.483807 47.4831 49.482384 51.481678 53.0
0.0 1.4994856 3.4987996 5.4981136 7.4974284 9.496742 11.496057 13.495371 15.494684 17.494 19.49331 21.492628 23.491943 25.491257 27.490566 29.489887 31.489199 33.488514 35.487827 37.48714 39.486454 41.485775 43.485085 45.4844 47.48372 49.483032 51.48235 53.48166
0.0 1.4995042 3.4988432 5.498182 7.4975204 9.4968605 11.496199 13.495537 15.494877 17.494215 19.493553 21.492893 23.492233 25.49157 27.49091 29.490246 31.48959 33.488926 35.488266 37.487606 39.486942 41.486282 43.485622 45.484966 47.484306 49.483643 51.48298 53.48232 55.0
0.0 1.4995217 3.498884 5.4982457 7.497608 9.496971 11.496334 13.495696 15.495057 17.49442 19.49378 21.493143 23.492508 25.491867 27.491236 29.490593 31.489958 33.48932 35.48868 37.488045 39.487408 41.48677 43.486134 45.485493 47.48486 49.48422 51.48358 53.482944 55.48231
0.0 1.4995383 3.4989228 5.498307 7.4976916 9.497076 11.49646 13.495845 15.495231 17.494614 19.494 21.493383 23.49277 25.492155 27.491537 29.490923 31.490305 33.48969 35.489075 37.48846 39.487846 41.48723 43.486614 45.485996 47.485386 49.484768 51.484158 53.48354 55.482925 57.0
0.0 1.499554 3.4989595 5.4983644 7.4977703 9.497176 11.49658 13.495988 15.495392 17.494799 19.494204 21.49361 23.493017 25.492422 27.491829 29.491228 31.490635 33.490044 35.48945 37.488853 39.488262 41.487667 43.487072 45.486477 47.485878 49.485287 51.4847 53.484104 55.483505 57.482914
0.0 1.4995689 3.4989944 5.49842 7.4978447 9.497272 11.4966955 13.496122 15.495546 17.494974 19.4944 21.493822 23.49325 25.492674 27.4921 29.491524 31.490952 33.490376 35.489803 37.48923 39.48865 41.48808 43.487507 45.486935 47.486355 49.485783 51.48521 53.484634 55.48406 57.48349 59.0
0.0 1.4995835 3.499028 5.4984717 7.4979167 9.497361 11.496805 13.496249 15.495695 17.49514 19.494583 21.494028 23.493473 25.49292 27.492363 29.491806 31.491253 33.490696 35.490143 37.489586 39.48903 41.488476 43.487915 45.487362 47.48681 49.486248 51.4857 53.48514 55.484585 57.484035 59.48348
0.0 1.499597 3.4990594 5.498522 7.497984 9.497447 11.496909 13.496372 15.495835 17.495298 19.49476 21.494223 23.493685 25.493149 27.49261 29.492073 31.491533 33.490997 35.490463 37.48992 39.489388 41.488846 43.488308 45.487778 47.48724 49.486702 51.486164 53.485626 55.485085 57.48455 59.484013 61.0
0.0 1.4996097 3.4990895 5.4985695 7.498049 9.497528 11.497009 13.496489 15.495969 17.49545 19.494926 21.494408 23.493889 25.493366 27.492847 29.492329 31.491806 33.491287 35.49077 37.490246 39.489727 41.48921 43.48868 45.488167 47.487644 49.48713 51.486607 53.486088 55.48557 57.485046 59.48453 61.48401