0.40261996 0.29869002
0.27068216 0.32802606 0.036632843
0.20416369 0.30400535 0.0939128
0.1639672 0.27042544 0.12540041 0.02219055
0.13702281 0.23933733 0.1394403 0.052710965
0.1176958 0.21295542 0.1427673 0.06950103 0.015928395
0.10315261 0.1910108 0.1404289 0.080715455 0.036268506
0.091811255 0.17274894 0.1353643 0.08726841 0.04628741 0.012425302
0.08271846 0.15743929 0.12915821 0.090434685 0.05404398 0.027564604
0.07526547 0.14448181 0.12263709 0.09130111 0.059617475 0.03414373 0.010186074
0.069045156 0.13340674 0.11621918 0.09066865 0.063345335 0.039632246 0.02220532
0.063774936 0.123851 0.11010517 0.0890927 0.065614864 0.043983214 0.02683461 0.008630998
0.0592525 0.11553368 0.104380384 0.08694752 0.066776425 0.047284238 0.030869968 0.018581541
0.05532919 0.108236045 0.099069394 0.08448139 0.06711759 0.049678117 0.034256816 0.022008052 0.0074879914
0.051893305 0.101786196 0.09416556 0.0818574 0.066863045 0.051318813 0.037010856 0.02508092 0.015970524
0.048859313 0.09604771 0.08964705 0.07918158 0.06618376 0.05235012 0.039185263 0.027756615 0.018605819 0.006612389
0.04616058 0.090911284 0.08548544 0.07652198 0.0652078 0.05289717 0.0408493 0.030030042 0.021015823 0.014000896
0.043744415 0.08628841 0.08165042 0.07392124 0.0640302 0.053064622 0.042075574 0.03191976 0.023168271 0.016089112 0.005920163
0.041568656 0.08210687 0.07811224 0.07140528 0.062721014 0.052937992 0.04293322 0.0334573 0.025053006 0.018026032 0.012462689
0.039599117 0.078307174 0.074842855 0.068988726 0.061331682 0.052586056 0.043484576 0.03467998 0.026674809 0.019788032 0.014157375 0.0053591575
0.037807796 0.074839905 0.071816504 0.06667885 0.05989971 0.052063596 0.043784093 0.03562635 0.028047815 0.021364829 0.015746081 0.011228408
0.03617155 0.07166371 0.06900981 0.06447802 0.058452327 0.051413976 0.043878295 0.036333527 0.029191379 0.02275573 0.0172114 0.012630796 0.004895287
0.034671076 0.06874376 0.066401795 0.062385477 0.05700913 0.050671354 0.043806426 0.036835812 0.03012728 0.023966614 0.018544309 0.013956342 0.010216208
0.033290133 0.066050515 0.063973635 0.06039843 0.055584047 0.049862552 0.043601222 0.037164018 0.03087781 0.02500749 0.019742109 0.0151920635 0.011395667 0.0045053293
0.032015007 0.06355879 0.0617086 0.05851292 0.054186855 0.049008578 0.043289874 0.037345354 0.031464648 0.02589078 0.020806711 0.016330432 0.0125178 0.009371178
0.030833963 0.06124693 0.059591714 0.05672424 0.05282417 0.048125796 0.042894773 0.037403487 0.031908102 0.026629996 0.021743147 0.017368205 0.013572774 0.010376801 0.004172923
0.029736968 0.059096277 0.05760966 0.05502736 0.05150035 0.04722694 0.04243435 0.03735885 0.032226827 0.027238913 0.022558495 0.018305372 0.014554428 0.01133861 0.00865511
0.028715355 0.057090648 0.05575055 0.05341716 0.050218042 0.04632188 0.04192373 0.03722897 0.032437664 0.027730996 0.023261018 0.019144293 0.015459566 0.012249055 0.0095225945 0.0038862007
0.027761603 0.055215906 0.054003753 0.05188854 0.048978645 0.045418195 0.041375257 0.03702878 0.03255561 0.028119013 0.023859538 0.019888949 0.016287308 0.013103118 0.010355896 0.008040601
0.026869185 0.053459756 0.052359805 0.05043661 0.047782682 0.044521723 0.040799066 0.03677099 0.032593966 0.028414885 0.024363035 0.020544412 0.017038556 0.013897885 0.011149142 0.0087965205 0.0036363488
0.026032355 0.051811334 0.05081018 0.049056605 0.046629958 0.043636836 0.04020336 0.03646634 0.03256438 0.028629526 0.024780285 0.021116368 0.01771548 0.014632123 0.011898235 0.009525297 0.007507498
0.025246084 0.050261058 0.049347248 0.047744054 0.045519833 0.04276683 0.039594837 0.03612393 0.03247705 0.028772866 0.025119718 0.021610826 0.018321164 0.015305931 0.012600606 0.010222291 0.0081720315 0.0034166859
0.024505913 0.04880046 0.04796414 0.04649472 0.044451334 0.041914098 0.038978912 0.035751436 0.03234085 0.02885384 0.025389258 0.022033859 0.01885929 0.01592041 0.013254928 0.010884156 0.008814674 0.0070406375
0.023807917 0.04742202 0.046654694 0.045304652 0.04342327 0.041080374 0.038359992 0.035355326 0.032163505 0.02888046 0.025596293 0.02239145 0.019333906 0.01647742 0.013860887 0.011508666 0.009431725 0.007629385 0.0032220513
0.02314858 0.046119012 0.045413304 0.044170126 0.042434268 0.04026681 0.037741594 0.034941033 0.031951677 0.028859852 0.025747614 0.022689365 0.019749232 0.01697933 0.014418939 0.012094518 0.010020429 0.008200239 0.0066284067
0.022524778 0.04488543 0.044234928 0.04308769 0.041482896 0.039474152 0.03712655 0.034513123 0.031711143 0.028798342 0.025849432 0.022933086 0.02010953 0.017428873 0.014930166 0.012641188 0.010578865 0.008750206 0.007153611 0.0030483974
0.021933718 0.043715894 0.043114997 0.042054124 0.040567666 0.038702823 0.036517113 0.034075443 0.03144689 0.028701536 0.025907397 0.023127764 0.02041901 0.017829 0.015396089 0.013148768 0.011105828 0.0092770085 0.0076640123 0.006261749
0.021372885 0.042605564 0.042049363 0.041066438 0.03968708 0.037952963 0.03591507 0.033631194 0.031163221 0.028574383 0.02592662 0.0232782 0.020681752 0.018182762 0.015818555 0.01361784 0.011600698 0.0097790025 0.0081571685 0.006733158 0.0028925054
0.020840019 0.041550063 0.041034244 0.040121846 0.03883964 0.037224527 0.035321813 0.033183068 0.030863833 0.028421234 0.025911693 0.023388827 0.020901661 0.018493239 0.016199624 0.014049363 0.012063356 0.010255085 0.008631183 0.0071921893 0.005933509
0.020333076 0.04054544 0.040066183 0.039217755 0.038023867 0.036517296 0.03473839 0.032733284 0.030551903 0.028245918 0.025866752 0.023463722 0.021082433 0.018763475 0.016541488 0.014444575 0.012494062 0.010704622 0.009084642 0.0076368283 0.0063589737 0.0027517828
0.019850215 0.039588116 0.039142057 0.038351778 0.037238352 0.03583096 0.034165632 0.032283716 0.030230176 0.028051808 0.02579551 0.023506632 0.021227544 0.018996436 0.01684642 0.014804922 0.012893407 0.011127365 0.00951656 0.008065489 0.006773989 0.005637951
0.019389758 0.038674843 0.03825899 0.037521686 0.03648171 0.0351651 0.033604123 0.031835906 0.029901005 0.027841862 0.02570128 0.023520965 0.021340247 0.019194983 0.017116696 0.015131991 0.013262218 0.011523388 0.009926317 0.00847696 0.0071768835 0.006023871 0.0026241185
0.018950174 0.037802637 0.03741432 0.036725383 0.03575258 0.034519237 0.03305427 0.0313911 0.029566385 0.027618654 0.025587007 0.023509808 0.021423541 0.01936182 0.017354563 0.01542744 0.013601495 0.011893019 0.0103135975 0.008870353 0.007566313 0.006400889 0.005370429
0.018530086 0.03696882 0.03660567 0.035960972 0.03504973 0.033892855 0.032516353 0.030950367 0.029228058 0.027384473 0.025455348 0.02347599 0.021480234 0.01949954 0.01756224 0.01569299 0.013912391 0.012236804 0.010678358 0.009245091 0.007941237 0.00676761 0.0057220645 0.0025077744
0.018128213 0.03617089 0.03583078 0.035226624 0.03437189 0.03328538 0.031990513 0.030514523 0.028887477 0.02714128 0.025308635 0.023422042 0.021512873 0.01961055 0.017741846 0.015930355 0.014196124 0.012555435 0.011020757 0.009600829 0.0083008725 0.0071228924 0.006066059 0.0051271333
0.017743412 0.035406627 0.03508765 0.034520715 0.033717945 0.03269627 0.031476833 0.030084286 0.028545931 0.026890844 0.025148984 0.023350291 0.021523844 0.019697145 0.017895443 0.016141258 0.014454003 0.01284975 0.011341148 0.009937454 0.008644682 0.0074658403 0.006401241 0.005448857 0.0024013096
0.017374597 0.034673896 0.03437434 0.033841643 0.033086736 0.0321249 0.030975262 0.029660165 0.028204445 0.026634643 0.024978228 0.023262784 0.021515287 0.019761413 0.018024957 0.016327355 0.014687328 0.013120644 0.0116399955 0.010255006 0.008972313 0.0077957558 0.006726628 0.005763974 0.0049049207
0.01702081 0.033970833 0.03368915 0.033187997 0.032477245 0.031570718 0.030485742 0.029242616 0.027863959 0.02637403 0.02479804 0.023161422 0.021489203 0.019805346 0.01813225 0.016490282 0.014897438 0.0133691 0.011917906 0.010553701 0.009283606 0.0081121465 0.007041448 0.0060714893 0.0052003865 0.0023035163
0.016681144 0.033295654 0.033030458 0.032558415 0.031888463 0.031033121 0.030008137 0.02883196 0.027525231 0.026110152 0.024609877 0.023047887 0.021447388 0.01983076 0.018219057 0.016631601 0.015085645 0.013596131 0.012175545 0.010833858 0.009578542 0.008414675 0.007345087 0.0063705677 0.0054901084 0.0047011636
0.016354768 0.03264674 0.03239677 0.03195163 0.031319425 0.030511536 0.029542264 0.028428439 0.027188903 0.025844004 0.024415042 0.022923693 0.021391494 0.019839339 0.018287009 0.01675281 0.015253242 0.013802765 0.01241365 0.011095896 0.009857226 0.008703152 0.0076370887 0.0066605275 0.0057732295 0.0049734595 0.0022133773
0.016040916 0.03202258 0.031786688 0.031366453 0.030769233 0.030005379 0.029087922 0.028032217 0.02685551 0.025576461 0.024214678 0.022790197 0.021323016 0.019832632 0.01833763 0.01685533 0.015401481 0.013990035 0.012632994 0.011340313 0.010119868 0.008977508 0.007917134 0.0069408286 0.0060490305 0.0052407254 0.004513653
0.01573889 0.031421818 0.031198967 0.030801814 0.030237056 0.029514126 0.02864491 0.027643442 0.026525524 0.025308298 0.02400983 0.022648651 0.021243338 0.019812092 0.018372364 0.016940529 0.015531592 0.0141589865 0.012834397 0.011567671 0.010366773 0.009237794 0.008185029 0.007211063 0.0063169217 0.0055022314 0.0047653997 0.0021300272
0.015448017 0.03084312 0.030632371 0.030256648 0.029722054 0.0290372 0.02821295 0.02726215 0.02619929 0.025040146 0.023801375 0.022500131 0.021153681 0.019779017 0.018392526 0.017009666 0.015644731 0.014310614 0.013018661 0.01177856 0.0105982935 0.009484131 0.0084406715 0.0074709244 0.006576419 0.005757348 0.00501272 0.0043405234
0.015167708 0.03028533 0.030085823 0.029730016 0.029223487 0.028574103 0.027791813 0.02688839 0.025877142 0.0247726 0.023590138 0.022345651 0.021055195 0.019734638 0.01839936 0.017063964 0.015742032 0.014445923 0.013186622 0.011973619 0.010814861 0.009716731 0.008684065 0.007720218 0.006827155 0.006005562 0.005254981 0.00457396 0.002052726
0.014897389 0.029747326 0.029558275 0.029221006 0.02874062 0.028124321 0.027381225 0.026522141 0.025559317 0.024506137 0.023376815 0.02218609 0.020948892 0.019680057 0.018394012 0.017104547 0.015824556 0.014565872 0.013339095 0.012153493 0.011016934 0.009935858 0.008915277 0.007958831 0.0070688482 0.006246445 0.0054916404 0.0048034824 0.0041801822
0.01463654 0.029228076 0.029048763 0.028728768 0.028272767 0.02768736 0.026980916 0.026163377 0.025246013 0.024241181 0.023162033 0.02202224 0.020835709 0.019616295 0.01837755 0.017132478 0.015893323 0.014671387 0.013476886 0.012318841 0.011205005 0.010141829 0.009134449 0.00818673 0.0073013045 0.006479662 0.0057222415 0.005028541 0.0043972353 0.0019808402
0.014384664 0.028726611 0.028556379 0.028252501 0.027819265 0.027262736 0.026590604 0.025812019 0.024937376 0.023978088 0.022946334 0.021854814 0.020716477 0.019544281 0.018350948 0.017148744 0.015949283 0.0147633515 0.01360078 0.01247032 0.011379585 0.010334995 0.009341768 0.00840394 0.007524398 0.0067049507 0.0059464043 0.005248658 0.0046108095 0.004031262
0.014141312 0.02824204 0.028080288 0.027791465 0.027379513 0.026850004 0.026210025 0.025468 0.024633532 0.023717172 0.022730213 0.021684457 0.020591972 0.01946488 0.018315125 0.01715428 0.01599335 0.014842627 0.013711549 0.012608593 0.011541205 0.010515746 0.009537475 0.008610553 0.007738079 0.006922128 0.006163828 0.0054634353 0.004820426 0.004233596 0.0019138184
0.013906055 0.027773518 0.027619693 0.027344948 0.026952913 0.02644872 0.025838893 0.025131218 0.02433456 0.023458691 0.02251409 0.021511732 0.020462874 0.019378863 0.018270915 0.01714994 0.016026374 0.014910023 0.013809934 0.012734307 0.011690399 0.0106844865 0.009721838 0.008806704 0.007942345 0.007131066 0.0063742707 0.005672531 0.0050256657 0.004432826 0.0038925845
0.013678504 0.02732028 0.027173873 0.026912306 0.026538929 0.026058473 0.025476959 0.024801575 0.024040528 0.023202877 0.02229835 0.021337166 0.020329831 0.019286964 0.018219106 0.017136548 0.016049173 0.01496632 0.013896663 0.012848105 0.01182771 0.010841649 0.009895166 0.008992571 0.008137252 0.007331701 0.0065775597 0.005875677 0.005226176 0.0046285326 0.004081649 0.0018511842
0.013458274 0.026881568 0.026742104 0.026492892 0.026137011 0.025678836 0.025123924 0.024478931 0.023751453 0.022949895 0.022083305 0.021161195 0.020193383 0.019189816 0.018160395 0.017114831 0.016062483 0.015012244 0.013972407 0.0129505955 0.011953663 0.010987656 0.010057775 0.009168357 0.008322887 0.007524007 0.006773564 0.006072647 0.0054216515 0.004820344 0.004267929 0.00376313