0.0 0.0
0.037574053 0.03538263
0.04373443 -0.027006745
-0.035500467 0.026310742
0.013144672 -0.050403535
-0.03441456 -0.03185323
-0.01233381 0.070399344
-0.076569855 -0.000079
-0.071237236 0.06417376
0.04877442 0.08562672
0.08406854 0.047207355
-0.12837678 -0.011324525
0.016142547 0.12315667
0.08332634 0.123487055
-0.043817878 0.102167785
0.044935465 0.16016841
-0.015469998 0.1582616
0.12270248 0.0892027
0.08546913 -0.05125934
0.11632955 -0.011118144
0.1384291 -0.049550623
0.05837363 -0.09558886
0.12220967 -0.0881075
0.18428898 -0.071834505
0.15886962 0.053628087
0.15855473 0.12307805
-0.073470294 0.14251179
0.07693261 -0.14465073
0.022644639 -0.12922305
-0.017004281 -0.09723571
0.022634983 -0.18207958
0.12532234 -0.14477968
-0.11267233 -0.056238532
-0.17285687 -0.036106765
-0.084719 -0.089337856
-0.1473566 -0.09368196
0.083001316 0.19680655
0.016161084 0.19787043
0.23351991 -0.07345134
0.20868134 -0.030623287
0.2543286 -0.029335171
-0.122948825 -0.12573445
-0.18525693 -0.12730375
0.1775186 -0.13865188
0.15906453 -0.18364489
0.21284539 -0.16761124
-0.14505166 -0.17347845
-0.12340644 -0.21348551
-0.1855818 -0.20338905
0.2694553 -0.11096585
0.060503006 0.2333597
0.12602633 0.1678679
0.121683955 0.23214185
-0.05259496 0.19464701
0.08976734 0.27284342
0.024591029 0.27090704
0.15949756 0.19811755
0.06260127 -0.20099115
0.19577533 0.16345346
0.19576728 0.23597556
-0.11237663 0.111539185
-0.1077947 0.17998976
0.23421401 0.12859237
0.23435652 0.19801861
0.28717083 0.19388819
0.29889888 0.15582967
-0.024838537 0.23684877
0.20076227 0.09517449
0.27245116 0.09427035
-0.16473198 0.11313802
0.05646926 0.31326145
0.13812852 0.29185432
0.10410595 0.3296851
0.17514944 0.3273281
0.23453468 0.05964786
0.035571337 -0.24177504
-0.03246075 -0.14438415
0.34377193 0.15967655
0.3309098 0.11458498
-0.16710907 0.15980321
-0.17281899 0.06083119
0.28975385 -0.05368781
0.28757358 0.0071056485
-0.2025677 0.19609284
-0.15925732 0.21206689
-0.100618064 0.23161441
-0.057783186 0.27116013
-0.23845035 0.16014314
-0.23906073 0.23123246
0.13363785 -0.22276396
0.19698322 -0.22067127
0.16855049 -0.26485482
0.2751733 -0.16273999
-0.2348777 0.117917776
-0.2753817 0.12828916
-0.27657384 0.1966002
-0.29009688 0.07831794
-0.31389108 0.16090834
-0.21651885 0.2730618
0.07488054 0.36793065
0.13723534 0.36255258
-0.15183139 -0.24267372
-0.08613545 -0.2504896
-0.31351435 0.23214614
0.03980279 0.4036036
0.1088509 0.40068293
0.02437985 0.35256404
0.23142445 0.27379453
-0.3564407 0.20960605
-0.28235042 0.2749045
-0.13445863 0.26874822
-0.34263936 0.08514637
-0.31340814 0.036910295
-0.25421047 0.040546656
-0.16646177 0.3100419
-0.1040965 0.30837256
0.326315 -0.022324532
0.32464635 -0.09004432
-0.21893153 -0.033649534
0.14714742 0.43709785
0.07633734 0.4391781
-0.2845059 0.0047655106
-0.35408944 0.0053381324
-0.25458822 0.3084793
-0.31669396 0.31521535
-0.112485796 -0.28735328
-0.049253553 -0.28431153
-0.04996854 -0.21477938
-0.37506056 0.04426664
-0.32627898 -0.038723916
-0.38896245 -0.034208387
-0.40646175 0.009935319
0.068780065 -0.28280205
0.005794108 0.440665
0.38141054 0.12473667
0.17660832 0.41395772
0.112813234 0.47533518
0.19400209 0.4600234
-0.25679487 -0.06949553
0.36812127 0.078222275
-0.06823054 0.3457846
-0.1279253 0.34909785
-0.3680207 -0.07326627
-0.42686906 -0.06999135
-0.1089949 -0.33571798
-0.16275576 -0.30146176
-0.057882786 -0.3326601
-0.007641971 -0.31679696
0.040453672 0.47705877
-0.022445887 0.3981126
-0.025944263 -0.37215677
0.36419773 -0.06595817
-0.38448513 0.2539698
-0.40698117 0.21390885
-0.388449 0.17298913
-0.22033384 -0.17033342
-0.21952745 -0.23803976
-0.2608316 -0.20567384
0.21520507 0.37867618
-0.4525356 0.18690675
-0.4451239 -0.015210509
-0.44413954 0.045639277
0.18579704 -0.3134266
0.21427327 -0.2868247
0.13629764 -0.2952218
0.4182099 0.07067764
-0.39347512 -0.1180467
-0.32854497 -0.108175725
0.23552567 0.43107516
-0.35400224 0.35017937
-0.305117 0.36370504
0.32575417 -0.14787567
0.30615646 -0.2002509
-0.20296264 0.3445493
-0.3627868 -0.14481127
-0.29378688 -0.14773983
-0.40799984 0.08191162
-0.16758075 0.38178462
-0.100229025 0.3938709
-0.05571705 0.42769235
-0.3130878 -0.21382284
-0.0999648 -0.38793227
-0.14631629 -0.36993724
-0.30061367 -0.26307857
-0.3559249 -0.2398848
-0.48728335 0.010445893
-0.48191106 -0.05307612
-0.13209042 -0.42745003
-0.065927 -0.42698944
0.3645271 -0.18175676
-0.38768125 0.3101185
0.36262006 0.015524745
-0.13823196 0.4284979
-0.26896667 0.3997566
0.2375611 -0.3332417
0.25039554 -0.25613487
0.025136173 -0.36454663
0.013275802 -0.40666103
0.41952127 0.023250699
0.46020228 0.10207683
-0.014307559 0.3241089
0.067079306 -0.38769472
0.29610914 -0.2755481
0.20644361 -0.3752566
0.28944594 -0.33378708
-0.39636162 -0.21774083
-0.38924316 -0.27565664
0.41899246 0.16196352
-0.20097524 -0.3318544
-0.26984918 -0.3014443
-0.3416565 -0.29417202
-0.2946907 -0.3322782
-0.42512032 -0.23962006
-0.42941472 -0.17719883
0.045203984 -0.4452095
0.15237099 -0.3515786
0.47941762 0.052753687
0.27708775 0.39884728
0.0055678487 -0.4678978
0.08197862 -0.33181807
-0.09524122 -0.4704584
-0.27196366 -0.37030596
0.30984193 0.3575831
0.16605914 -0.40830255
0.2378766 -0.4091432
-0.16539687 -0.46367824
-0.18419316 -0.42391175
0.40166867 -0.09534684
-0.36948282 -0.33452556
0.34372276 -0.28801152
0.41430908 -0.14471439
0.4376003 -0.067432374
0.20131451 -0.4450251
0.1180886 -0.42575857
-0.22702053 -0.44500384
-0.049531966 0.48006147
-0.092669696 0.46547157
-0.4674335 -0.14322233
-0.31293947 -0.38911805
-0.14411941 0.47523612
0.15574378 -0.46824846
0.35687387 -0.33470544
0.3821807 -0.25462535
0.40191966 -0.29486728
0.4752398 -0.03059265
0.48109412 -0.091537714
-0.1819888 0.45015717
0.28758234 -0.40794173
0.261899 0.34123248
0.3490705 0.32286763
0.46083498 -0.14812577
0.32152247 0.27836996
0.38248616 0.28186786
-0.4471327 0.13558441
0.3599527 0.24293584
0.42300248 0.24807215